Waf: Entering directory `/home/zwz/ns-allinone-3.22/ns-3.22/build'
[ 815/1691] cxx: scratch/P2Pdelay.cc -> build/scratch/P2Pdelay.cc.3.o
[1677/1691] cxxprogram: build/scratch/P2Pdelay.cc.3.o -> build/scratch/P2Pdelay
Waf: Leaving directory `/home/zwz/ns-allinone-3.22/ns-3.22/build'
'build' finished successfully (7.017s)
current time is  Fri Mar  4 20:26:28 2016

nodes number: 2497 density: 500, simulation time: 5s, safety packet size: 400bytes
0 4.98672
1 4.9127
2 4.94652
3 4.94971
4 4.9476
5 4.93718
6 4.92299
7 4.95902
8 4.94131
9 4.85412
10 4.7957
11 4.80636
12 4.6614
13 4.88841
14 4.79469
15 4.69775
16 4.8558
17 4.72349
18 4.81697
19 4.74467
20 4.78009
21 4.82544
22 4.73867
23 4.6727
24 4.72236
25 4.8366
26 4.69911
27 4.73159
28 4.71889
29 4.68453
30 4.69026
31 4.77091
32 4.76452
33 4.77997
34 4.79277
35 4.76011
36 4.81429
37 4.84971
38 4.87396
39 4.84029
40 4.8383
41 4.85181
42 4.86409
43 4.84996
44 4.81913
45 4.87321
46 4.80001
47 4.78267
48 4.81988
49 4.84942
50 4.82834
51 4.86884
52 4.95111
53 4.95095
54 5.00397
55 4.84856
56 5.05708
57 5.01779
58 5.01979
59 5.1085
60 5.18663
61 5.17866
62 5.19823
63 5.21343
64 5.27123
65 5.36632
66 5.41639
67 5.37935
68 5.522
69 5.43601
70 5.46517
71 5.44454
72 5.61625
73 5.60568
74 5.70668
75 5.76679
76 5.67534
77 5.61439
78 5.77302
79 5.7846
80 5.823
81 5.84543
82 5.84741
83 5.97041
84 5.87715
85 6.01267
86 6.20472
87 6.04241
88 6.24691
89 6.16884
90 6.17265
91 6.16409
92 6.26802
93 6.23539
94 6.35012
95 6.38326
96 6.29258
97 6.40176
98 6.4896
99 6.42312
100 6.33226
101 6.28627
102 6.48181
103 6.40632
104 6.44784
105 6.47076
106 6.48871
107 6.44424
108 6.53948
109 6.51203
110 6.56267
111 6.52599
112 6.48694
113 6.48865
114 6.57176
115 6.42929
116 6.56752
117 6.44248
118 6.46907
119 6.59966
120 6.55301
121 6.57277
122 6.63088
123 6.5878
124 6.45861
125 6.56254
126 6.49726
127 6.6119
128 6.52795
129 6.54307
130 6.46452
131 6.44082
132 6.47894
133 6.39045
134 6.3924
135 6.42146
136 6.43813
137 6.41819
138 6.32995
139 6.33257
140 6.38133
141 6.29688
142 6.39168
143 6.36172
144 6.26219
145 6.35671
146 6.32962
147 6.29645
148 6.30521
149 6.27253
150 6.24621
151 6.26703
152 6.24778
153 6.21256
154 6.13737
155 6.28928
156 6.3459
157 6.06973
158 6.15564
159 6.16146
160 6.04671
161 6.13201
162 6.12645
163 5.92701
164 6.1071
165 6.01932
166 5.99576
167 5.9754
168 5.98788
169 6.05459
170 6.05699
171 5.92307
172 5.96768
173 5.97335
174 5.89494
175 5.95746
176 6.0392
177 5.96331
178 5.94649
179 6.01043
180 5.96095
181 5.88221
182 5.8207
183 5.89936
184 5.75717
185 5.97179
186 5.84282
187 5.86073
188 5.89081
189 6.0338
190 5.78754
191 5.80694
192 5.88317
193 5.88918
194 5.77475
195 5.90579
196 5.7333
197 5.90291
198 5.90239
199 5.80699
200 5.83207
201 5.91159
202 5.79685
203 5.88378
204 5.70592
205 5.88529
206 5.78245
207 5.76111
208 5.80316
209 5.78447
210 5.66962
211 5.68515
212 5.74854
213 5.6704
214 5.77778
215 5.81147
216 5.63626
217 5.61685
218 5.63241
219 5.68348
220 5.68894
221 5.5966
222 5.6668
223 5.68559
224 5.5471
225 5.68875
226 5.67659
227 5.6117
228 5.51285
229 5.63565
230 5.55725
231 5.58757
232 5.52352
233 5.53294
234 5.54711
235 5.51664
236 5.45243
237 5.41941
238 5.50226
239 5.39725
240 5.3971
241 5.34179
242 5.51549
243 5.52715
244 5.51197
245 5.47256
246 5.29343
247 5.45634
248 5.28003
249 5.37153
250 5.39061
251 5.38351
252 5.3893
253 5.37657
254 5.34434
255 5.34045
256 5.38568
257 5.44435
258 5.47968
259 5.35874
260 5.45917
261 5.45571
262 5.53741
263 5.31427
264 5.47912
265 5.50702
266 5.37864
267 5.47663
268 5.37549
269 5.44655
270 5.44388
271 5.4716
272 5.56056
273 5.46954
274 5.38161
275 5.3699
276 5.41216
277 5.48759
278 5.40693
279 5.35898
280 5.22573
281 5.39703
282 5.3358
283 5.39544
284 5.40062
285 5.389
286 5.42179
287 5.26062
288 5.28865
289 5.47226
290 5.40292
291 5.4333
292 5.37028
293 5.3477
294 5.26618
295 5.46082
296 5.44469
297 5.48014
298 5.46658
299 5.37277
300 5.47258
301 5.50931
302 5.44638
303 5.45674
304 5.42558
305 5.41261
306 5.32956
307 5.27595
308 5.41278
309 5.45164
310 5.44325
311 5.43645
312 5.49593
313 5.4527
314 5.46244
315 5.3778
316 5.37127
317 5.34819
318 5.4616
319 5.4295
320 5.47732
321 5.4499
322 5.53234
323 5.40168
324 5.45364
325 5.4711
326 5.29661
327 5.47452
328 5.38704
329 5.47082
330 5.35879
331 5.39935
332 5.40509
333 5.34586
334 5.37996
335 5.40714
336 5.39357
337 5.43405
338 5.41098
339 5.58382
340 5.41438
341 5.4914
342 5.38019
343 5.22875
344 5.31113
345 5.52448
346 5.34482
347 5.38215
348 5.39155
349 5.27152
350 5.48917
351 5.34375
352 5.35124
353 5.3213
354 5.35675
355 5.3333
356 5.30965
357 5.28236
358 5.27749
359 5.28255
360 5.26999
361 5.17277
362 5.23845
363 5.15717
364 5.30844
365 5.36747
366 5.2969
367 5.31889
368 5.29327
369 5.11451
370 5.30961
371 5.26075
372 5.24271
373 5.2008
374 5.25079
375 5.27462
376 5.2553
377 5.27876
378 5.24255
379 5.23066
380 5.29219
381 5.28267
382 5.24848
383 5.33358
384 5.34528
385 5.19433
386 5.23229
387 5.27595
388 5.23769
389 5.38756
390 5.32005
391 5.24932
392 5.30776
393 5.29679
394 5.422
395 5.33145
396 5.39643
397 5.21457
398 5.40864
399 5.31455
400 5.33366
401 5.35228
402 5.3231
403 5.3241
404 5.3623
405 5.36227
406 5.39138
407 5.30095
408 5.36046
409 5.28997
410 5.35361
411 5.31369
412 5.34124
413 5.3743
414 5.36136
415 5.24592
416 5.25319
417 5.42829
418 5.41483
419 5.28977
420 5.35534
421 5.38212
422 5.40566
423 5.26034
424 5.15155
425 5.40535
426 5.2532
427 5.17247
428 5.28402
429 5.27767
430 5.25239
431 5.25194
432 5.17466
433 5.11064
434 5.26566
435 5.17165
436 5.19867
437 5.19069
438 5.31555
439 5.10021
440 5.2139
441 5.19273
442 5.10934
443 5.1856
444 5.20217
445 5.2018
446 5.19244
447 5.22049
448 5.16978
449 5.103
450 5.17582
451 5.13123
452 5.09721
453 5.21006
454 5.1428
455 5.14736
456 5.14856
457 5.09746
458 5.06134
459 5.18253
460 5.10193
461 5.10594
462 5.03968
463 5.07094
464 5.09439
465 5.12964
466 5.07645
467 5.02314
468 5.11641
469 5.16014
470 5.07567
471 5.0721
472 5.10265
473 5.04352
474 5.06716
475 5.01744
476 5.10231
477 5.0004
478 5.10886
479 5.02512
480 5.09367
481 5.05849
482 5.01873
483 4.94124
484 4.98968
485 5.0037
486 5.03706
487 4.96922
488 4.98908
489 5.08081
490 4.98151
491 4.92953
492 4.91347
493 4.96543
494 4.99179
495 4.96701
496 4.88356
497 5.02898
498 4.87059
499 4.91739
500 4.8804
501 4.94813
502 4.96177
503 4.84801
504 4.84007
505 4.92399
506 4.92172
507 5.02175
508 4.90529
509 4.84497
510 4.89264
511 4.86583
512 4.81471
513 4.91598
514 4.91278
515 4.90629
516 4.8909
517 4.79302
518 4.86798
519 4.8355
520 4.9369
521 5.00219
522 4.87067
523 4.81691
524 4.77487
525 4.84388
526 4.61998
527 4.89014
528 4.77336
529 4.7447
530 4.7456
531 4.77144
532 4.74232
533 4.84043
534 4.76989
535 4.91462
536 4.72353
537 4.69679
538 4.76954
539 4.76668
540 4.83949
541 4.61452
542 4.77834
543 4.75912
544 4.69634
545 4.72045
546 4.71384
547 4.64329
548 4.58733
549 4.66453
550 4.48402
551 4.69116
552 4.58143
553 4.52699
554 4.55464
555 4.58723
556 4.53634
557 4.50977
558 4.53698
559 4.50137
560 4.6296
561 4.46212
562 4.41289
563 4.57709
564 4.58953
565 4.51653
566 4.44892
567 4.44758
568 4.46083
569 4.47061
570 4.44946
571 4.38898
572 4.40196
573 4.38503
574 4.37963
575 4.36975
576 4.38332
577 4.42525
578 4.40091
579 4.30344
580 4.4304
581 4.33178
582 4.42657
583 4.30275
584 4.39002
585 4.30037
586 4.32112
587 4.33744
588 4.28524
589 4.39512
590 4.33481
591 4.39855
592 4.42849
593 4.33848
594 4.23009
595 4.31606
596 4.30977
597 4.35907
598 4.29009
599 4.27055
600 4.36993
601 4.24472
602 4.40023
603 4.41176
604 4.27829
605 4.28107
606 4.34478
607 4.32137
608 4.32113
609 4.25828
610 4.35939
611 4.3136
612 4.34395
613 4.34009
614 4.32307
615 4.34735
616 4.3372
617 4.256
618 4.3564
619 4.40563
620 4.22927
621 4.34597
622 4.29435
623 4.3576
624 4.35251
625 4.15415
626 4.24941
627 4.26075
628 4.40205
629 4.34118
630 4.351
631 4.33286
632 4.39629
633 4.32969
634 4.33418
635 4.38227
636 4.33846
637 4.34895
638 4.3776
639 4.38021
640 4.41544
641 4.36267
642 4.31094
643 4.36044
644 4.32774
645 4.35428
646 4.37975
647 4.37352
648 4.33482
649 4.35065
650 4.32867
651 4.38467
652 4.31153
653 4.33825
654 4.30421
655 4.28252
656 4.38833
657 4.2813
658 4.33445
659 4.35366
660 4.46085
661 4.30272
662 4.28087
663 4.32773
664 4.29894
665 4.31833
666 4.35787
667 4.25642
668 4.33444
669 4.2082
670 4.21116
671 4.30592
672 4.27307
673 4.31624
674 4.27983
675 4.31953
676 4.22197
677 4.28151
678 4.19797
679 4.25748
680 4.26496
681 4.23069
682 4.1502
683 4.26614
684 4.26981
685 4.25667
686 4.2513
687 4.20439
688 4.25743
689 4.19024
690 4.2309
691 4.22285
692 4.13378
693 4.24022
694 4.05667
695 4.19258
696 4.1739
697 4.25446
698 4.14274
699 4.17384
700 4.22107
701 4.30566
702 4.21167
703 4.17908
704 4.25919
705 4.21516
706 4.2568
707 4.15637
708 4.2476
709 4.29936
710 4.18506
711 4.29157
712 4.26374
713 4.21169
714 4.32191
715 4.2384
716 4.37054
717 4.27906
718 4.29201
719 4.29674
720 4.28623
721 4.34658
722 4.38179
723 4.29368
724 4.39943
725 4.37951
726 4.3787
727 4.36239
728 4.46843
729 4.41754
730 4.46082
731 4.34631
732 4.48993
733 4.41785
734 4.44938
735 4.50484
736 4.38889
737 4.43578
738 4.49827
739 4.43371
740 4.45327
741 4.40543
742 4.48627
743 4.47419
744 4.39852
745 4.44029
746 4.40146
747 4.59213
748 4.47787
749 4.52298
750 4.45589
751 4.49106
752 4.52261
753 4.48077
754 4.56575
755 4.57192
756 4.67805
757 4.59751
758 4.67504
759 4.53258
760 4.59612
761 4.72135
762 4.60375
763 4.63909
764 4.61365
765 4.72716
766 4.59474
767 4.6559
768 4.69163
769 4.68502
770 4.64259
771 4.71258
772 4.75554
773 4.73919
774 4.71407
775 4.72922
776 4.75397
777 4.78427
778 4.79692
779 4.71436
780 4.82871
781 4.82398
782 4.85502
783 4.8697
784 4.74008
785 4.85928
786 4.80573
787 4.86459
788 4.94343
789 4.80922
790 4.88982
791 4.87541
792 4.86207
793 4.85656
794 4.80096
795 4.93403
796 4.8842
797 5.01603
798 4.97424
799 4.82391
800 4.89861
801 4.94897
802 4.87495
803 5.00237
804 4.94403
805 4.93283
806 5.02784
807 5.06457
808 5.06461
809 5.00966
810 4.8958
811 4.92064
812 4.88081
813 4.92433
814 4.94836
815 4.92866
816 4.99755
817 4.98256
818 4.79996
819 5.00094
820 4.82461
821 4.96717
822 4.94401
823 4.76155
824 4.85657
825 4.94745
826 4.75848
827 4.82481
828 4.88659
829 4.84905
830 4.79185
831 4.80218
832 4.67454
833 4.82593
834 4.79848
835 4.68371
836 4.84961
837 4.76699
838 4.76448
839 4.74204
840 4.96487
841 4.69245
842 4.751
843 4.77178
844 4.70928
845 4.69536
846 4.78988
847 4.63445
848 4.62069
849 4.62565
850 4.74349
851 4.76487
852 4.65137
853 4.6416
854 4.55712
855 4.72357
856 4.70404
857 4.78717
858 4.65779
859 4.72793
860 4.63551
861 4.61883
862 4.65627
863 4.75146
864 4.62776
865 4.75813
866 4.68578
867 4.60554
868 4.65114
869 4.59525
870 4.69299
871 4.63173
872 4.67602
873 4.64862
874 4.60402
875 4.5578
876 4.61801
877 4.7126
878 4.57868
879 4.61293
880 4.66553
881 4.68109
882 4.68156
883 4.67333
884 4.75928
885 4.67649
886 4.67612
887 4.67427
888 4.59471
889 4.62833
890 4.69594
891 4.72051
892 4.6254
893 4.7153
894 4.70526
895 4.68578
896 4.65832
897 4.60367
898 4.66633
899 4.72028
900 4.6125
901 4.66452
902 4.66855
903 4.67243
904 4.72203
905 4.67567
906 4.59552
907 4.66771
908 4.69879
909 4.63204
910 4.73591
911 4.81836
912 4.63499
913 4.72956
914 4.58117
915 4.70388
916 4.66776
917 4.67551
918 4.70198
919 4.73401
920 4.55377
921 4.62776
922 4.74442
923 4.57957
924 4.64937
925 4.60191
926 4.68367
927 4.7229
928 4.60691
929 4.64824
930 4.5831
931 4.50957
932 4.66769
933 4.62142
934 4.66406
935 4.67867
936 4.6697
937 4.71349
938 4.67904
939 4.69967
940 4.68949
941 4.69454
942 4.71913
943 4.62078
944 4.64211
945 4.74773
946 4.62629
947 4.60178
948 4.54495
949 4.61771
950 4.56484
951 4.66448
952 4.6154
953 4.63633
954 4.63286
955 4.60259
956 4.60904
957 4.58684
958 4.61361
959 4.58618
960 4.60499
961 4.5182
962 4.63292
963 4.49993
964 4.488
965 4.56639
966 4.52298
967 4.51847
968 4.5254
969 4.53507
970 4.5456
971 4.47029
972 4.48314
973 4.47428
974 4.49167
975 4.37527
976 4.40382
977 4.38572
978 4.35979
979 4.38691
980 4.3526
981 4.37787
982 4.33276
983 4.36342
984 4.39775
985 4.33803
986 4.43031
987 4.31304
988 4.36366
989 4.40067
990 4.39421
991 4.41137
992 4.34578
993 4.412
994 4.38265
995 4.41668
996 4.37602
997 4.37294
998 4.36859
999 4.25745
1000 4.32131
1001 4.34972
1002 4.37559
1003 4.33151
1004 4.3666
1005 4.29287
1006 4.35194
1007 4.30711
1008 4.36405
1009 4.37612
1010 4.34233
1011 4.32361
1012 4.35785
1013 4.28124
1014 4.34609
1015 4.24325
1016 4.23708
1017 4.2816
1018 4.28994
1019 4.26132
1020 4.31794
1021 4.25472
1022 4.30964
1023 4.18922
1024 4.29639
1025 4.2763
1026 4.28468
1027 4.23107
1028 4.26026
1029 4.13966
1030 4.23716
1031 4.20783
1032 4.2731
1033 4.19285
1034 4.19015
1035 4.17538
1036 4.21846
1037 4.19208
1038 4.20793
1039 4.22135
1040 4.19082
1041 4.13611
1042 4.21752
1043 4.17743
1044 4.15386
1045 4.33812
1046 4.15429
1047 4.16721
1048 4.18007
1049 4.22993
1050 4.32418
1051 4.12377
1052 4.35438
1053 4.19707
1054 4.18342
1055 4.15466
1056 4.11686
1057 4.22422
1058 4.1858
1059 4.22043
1060 4.2448
1061 4.2164
1062 4.17642
1063 4.07303
1064 4.12284
1065 4.02233
1066 4.09471
1067 4.15343
1068 4.11794
1069 4.02486
1070 4.10975
1071 4.0346
1072 4.08025
1073 4.02247
1074 4.18598
1075 4.0367
1076 4.04958
1077 4.01506
1078 4.05865
1079 4.06036
1080 3.91488
1081 4.09485
1082 4.06838
1083 3.94327
1084 3.98042
1085 3.92732
1086 3.83482
1087 4.00071
1088 3.97003
1089 3.90919
1090 3.91538
1091 3.86936
1092 3.88538
1093 3.93297
1094 3.97499
1095 3.79183
1096 3.85908
1097 3.83505
1098 3.83323
1099 3.83591
1100 3.74131
1101 3.94979
1102 3.90812
1103 3.88135
1104 3.93897
1105 3.85186
1106 3.89473
1107 3.97963
1108 3.98116
1109 3.96703
1110 4.18658
1111 4.05798
1112 3.97759
1113 4.06199
1114 4.0212
1115 4.07419
1116 4.04916
1117 4.13632
1118 4.18402
1119 4.06461
1120 4.10472
1121 4.20238
1122 4.02735
1123 4.07141
1124 4.12527
1125 4.22215
1126 4.16642
1127 4.17043
1128 4.13666
1129 4.23475
1130 4.07972
1131 4.27461
1132 4.15085
1133 4.13583
1134 4.15886
1135 4.09401
1136 4.23668
1137 4.11443
1138 4.17967
1139 4.11981
1140 4.19334
1141 4.13199
1142 4.22584
1143 4.22288
1144 4.13394
1145 4.12213
1146 4.07478
1147 4.14842
1148 4.1968
1149 4.22776
1150 4.09132
1151 4.21608
1152 4.19036
1153 4.11153
1154 4.21962
1155 4.24275
1156 4.33034
1157 4.16226
1158 4.16078
1159 4.30763
1160 4.32274
1161 4.27045
1162 4.26714
1163 4.2508
1164 4.27867
1165 4.40672
1166 4.41303
1167 4.29837
1168 4.3153
1169 4.32993
1170 4.40478
1171 4.41079
1172 4.31583
1173 4.48691
1174 4.47964
1175 4.43049
1176 4.34513
1177 4.42135
1178 4.34844
1179 4.47605
1180 4.45842
1181 4.44862
1182 4.38372
1183 4.54809
1184 4.58906
1185 4.36142
1186 4.44507
1187 4.5599
1188 4.49213
1189 4.57065
1190 4.54173
1191 4.53766
1192 4.55111
1193 4.61558
1194 4.55789
1195 4.59443
1196 4.59896
1197 4.61947
1198 4.57035
1199 4.61487
1200 4.66976
1201 4.52632
1202 4.7074
1203 4.68049
1204 4.64699
1205 4.71081
1206 4.74973
1207 4.86152
1208 4.76017
1209 4.76376
1210 4.70914
1211 4.65759
1212 4.78071
1213 4.84356
1214 4.77197
1215 4.77209
1216 4.88735
1217 4.65127
1218 4.83031
1219 4.95959
1220 4.78153
1221 4.81599
1222 4.83324
1223 4.86418
1224 4.88477
1225 4.89788
1226 4.83322
1227 4.85522
1228 4.87671
1229 4.88859
1230 4.85489
1231 4.89778
1232 4.93649
1233 4.90633
1234 4.88444
1235 4.84748
1236 4.95343
1237 4.99731
1238 4.99085
1239 4.8415
1240 4.92127
1241 4.93142
1242 4.97302
1243 4.95494
1244 4.89515
1245 4.97027
1246 4.97599
1247 4.96913
1248 4.97418
1249 4.96309
1250 4.93763
1251 4.93547
1252 4.87295
1253 5.00653
1254 4.95317
1255 4.83568
1256 4.85482
1257 4.87563
1258 4.96964
1259 4.94352
1260 4.98358
1261 4.99651
1262 4.86656
1263 4.96646
1264 4.8629
1265 4.82727
1266 4.94012
1267 4.87897
1268 4.97723
1269 4.86015
1270 4.88144
1271 4.95748
1272 4.82334
1273 4.92172
1274 4.84897
1275 4.84804
1276 4.9639
1277 4.86934
1278 5.03298
1279 4.84813
1280 4.90218
1281 4.99348
1282 4.9932
1283 4.84051
1284 4.94791
1285 4.99425
1286 4.92062
1287 4.88889
1288 4.9577
1289 4.87277
1290 4.8556
1291 4.96873
1292 4.93389
1293 4.85846
1294 4.87694
1295 4.83984
1296 4.90618
1297 4.87243
1298 4.92871
1299 4.89158
1300 4.84781
1301 4.94034
1302 4.90654
1303 4.98575
1304 4.85965
1305 4.9456
1306 4.83887
1307 4.94731
1308 4.97398
1309 4.94732
1310 4.93642
1311 4.82923
1312 4.9154
1313 4.92022
1314 4.91103
1315 4.92045
1316 4.80694
1317 4.8967
1318 4.88735
1319 4.854
1320 4.85302
1321 4.87372
1322 4.91527
1323 4.90282
1324 4.79453
1325 4.73657
1326 4.89819
1327 4.70269
1328 4.75664
1329 4.78519
1330 4.83337
1331 4.78865
1332 4.77955
1333 4.81982
1334 4.78226
1335 4.73444
1336 4.76761
1337 4.63169
1338 4.78857
1339 4.68639
1340 4.66937
1341 4.71227
1342 4.73994
1343 4.69868
1344 4.68801
1345 4.62222
1346 4.64444
1347 4.55205
1348 4.66729
1349 4.74931
1350 4.6259
1351 4.67853
1352 4.75618
1353 4.74912
1354 4.65028
1355 4.60501
1356 4.69812
1357 4.55585
1358 4.66773
1359 4.51835
1360 4.61375
1361 4.58568
1362 4.57263
1363 4.56309
1364 4.61054
1365 4.58734
1366 4.56854
1367 4.55578
1368 4.62638
1369 4.60371
1370 4.62586
1371 4.6061
1372 4.65121
1373 4.42568
1374 4.47773
1375 4.44955
1376 4.5186
1377 4.44401
1378 4.51082
1379 4.55464
1380 4.43456
1381 4.49234
1382 4.39195
1383 4.49031
1384 4.34448
1385 4.42945
1386 4.35327
1387 4.39558
1388 4.37701
1389 4.24567
1390 4.28489
1391 4.34729
1392 4.23583
1393 4.45777
1394 4.34773
1395 4.35075
1396 4.26867
1397 4.28455
1398 4.34295
1399 4.35965
1400 4.29573
1401 4.34576
1402 4.31569
1403 4.29617
1404 4.2109
1405 4.26381
1406 4.23665
1407 4.30937
1408 4.2585
1409 4.21174
1410 4.20782
1411 4.19087
1412 4.32716
1413 4.13963
1414 4.20798
1415 4.30716
1416 4.19473
1417 4.27837
1418 4.25993
1419 4.23292
1420 4.18947
1421 4.29188
1422 4.17436
1423 4.12507
1424 4.22727
1425 4.26679
1426 4.29728
1427 4.27014
1428 4.12949
1429 4.23323
1430 4.20077
1431 4.21595
1432 4.17017
1433 4.15258
1434 4.20989
1435 4.11376
1436 4.17658
1437 4.10933
1438 4.20126
1439 4.08853
1440 4.09684
1441 4.14697
1442 4.10174
1443 4.27337
1444 4.10983
1445 4.18492
1446 4.17638
1447 4.12016
1448 4.12152
1449 4.12762
1450 4.12721
1451 4.14884
1452 4.0659
1453 4.09705
1454 4.11227
1455 4.10603
1456 4.07299
1457 4.12141
1458 4.13638
1459 4.07473
1460 4.08933
1461 4.04311
1462 3.98107
1463 4.08264
1464 4.04313
1465 4.03285
1466 4.12746
1467 4.0106
1468 3.9986
1469 4.07615
1470 3.99333
1471 4.03806
1472 4.1306
1473 4.16426
1474 4.07411
1475 4.11785
1476 4.092
1477 4.07801
1478 4.067
1479 4.12843
1480 4.11214
1481 4.09117
1482 4.10496
1483 4.18651
1484 4.09221
1485 4.05084
1486 4.02069
1487 4.18283
1488 4.06743
1489 4.09457
1490 4.0318
1491 4.05608
1492 4.08722
1493 4.0925
1494 4.05087
1495 4.04449
1496 4.01775
1497 4.07945
1498 3.98839
1499 4.16445
1500 4.10022
1501 4.00783
1502 4.03846
1503 4.05966
1504 4.09978
1505 4.10837
1506 4.09694
1507 4.13654
1508 4.0152
1509 3.92516
1510 3.98327
1511 4.03352
1512 4.08356
1513 4.06118
1514 3.96385
1515 4.16896
1516 4.00912
1517 4.00015
1518 4.11905
1519 3.99251
1520 3.98397
1521 4.086
1522 4.04449
1523 4.09361
1524 3.97447
1525 4.06968
1526 3.89062
1527 4.08444
1528 3.97409
1529 4.01418
1530 4.10643
1531 3.9998
1532 4.19158
1533 4.1151
1534 4.03551
1535 4.07352
1536 4.12065
1537 4.00557
1538 4.06625
1539 4.0078
1540 4.03552
1541 4.05745
1542 4.0952
1543 4.0153
1544 4.00405
1545 3.98128
1546 4.01765
1547 4.05653
1548 4.11891
1549 4.0713
1550 3.96425
1551 3.91004
1552 4.05025
1553 4.01402
1554 4.00478
1555 3.99896
1556 3.98395
1557 3.91022
1558 3.9057
1559 4.01084
1560 4.02549
1561 3.91048
1562 3.98447
1563 3.96049
1564 4.00909
1565 3.96925
1566 3.86661
1567 4.03017
1568 3.9709
1569 4.01357
1570 3.9667
1571 4.00728
1572 3.98265
1573 4.01373
1574 4.04925
1575 4.00208
1576 4.03504
1577 3.95926
1578 4.00326
1579 3.97239
1580 4.01865
1581 4.05721
1582 4.0605
1583 4.0384
1584 4.01309
1585 4.03913
1586 4.09262
1587 4.00734
1588 4.1049
1589 4.04397
1590 4.1089
1591 4.15472
1592 3.99973
1593 4.0635
1594 4.09938
1595 4.03058
1596 4.04063
1597 4.05374
1598 4.061
1599 4.02612
1600 4.07249
1601 4.02649
1602 4.0393
1603 4.06218
1604 4.10798
1605 4.10793
1606 4.09156
1607 4.15353
1608 4.09157
1609 4.14242
1610 4.10835
1611 4.17277
1612 4.22576
1613 4.27184
1614 4.21354
1615 4.1074
1616 4.28511
1617 4.27484
1618 4.19206
1619 4.23957
1620 4.17366
1621 4.13386
1622 4.19595
1623 4.12518
1624 4.14375
1625 4.25311
1626 4.28998
1627 4.18048
1628 4.23363
1629 4.22532
1630 4.30357
1631 4.21759
1632 4.25007
1633 4.19063
1634 4.24757
1635 4.26888
1636 4.28047
1637 4.24795
1638 4.24923
1639 4.24785
1640 4.27826
1641 4.24901
1642 4.24083
1643 4.30486
1644 4.2278
1645 4.13906
1646 4.21524
1647 4.25604
1648 4.20212
1649 4.15691
1650 4.21011
1651 4.18884
1652 4.22589
1653 4.14795
1654 4.12919
1655 4.19988
1656 4.16101
1657 4.19733
1658 4.25601
1659 4.17758
1660 4.28385
1661 4.2335
1662 4.23266
1663 4.26527
1664 4.3445
1665 4.35852
1666 4.32475
1667 4.35462
1668 4.3079
1669 4.28257
1670 4.25204
1671 4.29558
1672 4.2545
1673 4.33531
1674 4.26633
1675 4.25878
1676 4.35647
1677 4.32406
1678 4.32596
1679 4.36279
1680 4.31273
1681 4.44382
1682 4.39572
1683 4.29299
1684 4.35079
1685 4.36211
1686 4.30092
1687 4.40967
1688 4.36364
1689 4.35785
1690 4.45685
1691 4.44356
1692 4.44817
1693 4.51519
1694 4.50964
1695 4.34924
1696 4.36187
1697 4.44584
1698 4.50671
1699 4.38871
1700 4.37125
1701 4.46348
1702 4.50726
1703 4.46534
1704 4.45676
1705 4.44788
1706 4.43099
1707 4.54105
1708 4.40751
1709 4.53206
1710 4.47001
1711 4.45681
1712 4.45014
1713 4.40978
1714 4.40137
1715 4.49355
1716 4.54573
1717 4.47586
1718 4.45589
1719 4.40821
1720 4.37709
1721 4.41567
1722 4.34177
1723 4.3763
1724 4.3289
1725 4.43766
1726 4.35539
1727 4.44036
1728 4.44321
1729 4.39099
1730 4.40391
1731 4.40485
1732 4.3399
1733 4.43301
1734 4.39355
1735 4.34193
1736 4.37116
1737 4.36951
1738 4.34758
1739 4.37129
1740 4.38909
1741 4.39849
1742 4.38502
1743 4.28769
1744 4.379
1745 4.37891
1746 4.39417
1747 4.35865
1748 4.37828
1749 4.38742
1750 4.42743
1751 4.38324
1752 4.46337
1753 4.39405
1754 4.50961
1755 4.37553
1756 4.45482
1757 4.3417
1758 4.30304
1759 4.36833
1760 4.33785
1761 4.29031
1762 4.4185
1763 4.40649
1764 4.37961
1765 4.2409
1766 4.29224
1767 4.36314
1768 4.30134
1769 4.2366
1770 4.27407
1771 4.30863
1772 4.2407
1773 4.2282
1774 4.23692
1775 4.31299
1776 4.27409
1777 4.30979
1778 4.33236
1779 4.35091
1780 4.29324
1781 4.33461
1782 4.29238
1783 4.30477
1784 4.29674
1785 4.30061
1786 4.26296
1787 4.36949
1788 4.30652
1789 4.35965
1790 4.40081
1791 4.38456
1792 4.41054
1793 4.39908
1794 4.36074
1795 4.37741
1796 4.37151
1797 4.32266
1798 4.27846
1799 4.32957
1800 4.3985
1801 4.33349
1802 4.46913
1803 4.45427
1804 4.43224
1805 4.37207
1806 4.43414
1807 4.46567
1808 4.41062
1809 4.41879
1810 4.45364
1811 4.53502
1812 4.43566
1813 4.47809
1814 4.54944
1815 4.49424
1816 4.49664
1817 4.45646
1818 4.52142
1819 4.48617
1820 4.48973
1821 4.45366
1822 4.53616
1823 4.46348
1824 4.55168
1825 4.39057
1826 4.52725
1827 4.51884
1828 4.51083
1829 4.46988
1830 4.42573
1831 4.4533
1832 4.45778
1833 4.49611
1834 4.3769
1835 4.44316
1836 4.34797
1837 4.43518
1838 4.39054
1839 4.43886
1840 4.3885
1841 4.44268
1842 4.50937
1843 4.35674
1844 4.4101
1845 4.41651
1846 4.48813
1847 4.44898
1848 4.52557
1849 4.45749
1850 4.4743
1851 4.49479
1852 4.49039
1853 4.46469
1854 4.49066
1855 4.52587
1856 4.55041
1857 4.51604
1858 4.57149
1859 4.48634
1860 4.58383
1861 4.49119
1862 4.55893
1863 4.4992
1864 4.55237
1865 4.52779
1866 4.43052
1867 4.39577
1868 4.57076
1869 4.55781
1870 4.62253
1871 4.58712
1872 4.49955
1873 4.62301
1874 4.57054
1875 4.57728
1876 4.69398
1877 4.65978
1878 4.54676
1879 4.63876
1880 4.55788
1881 4.73885
1882 4.62279
1883 4.63648
1884 4.60157
1885 4.70287
1886 4.64349
1887 4.6496
1888 4.56
1889 4.68215
1890 4.5488
1891 4.63591
1892 4.66564
1893 4.66236
1894 4.66643
1895 4.70383
1896 4.64836
1897 4.70894
1898 4.68087
1899 4.68881
1900 4.65285
1901 4.66795
1902 4.67869
1903 4.72917
1904 4.75651
1905 4.63148
1906 4.6774
1907 4.70887
1908 4.69646
1909 4.7091
1910 4.67496
1911 4.67667
1912 4.70572
1913 4.67954
1914 4.66093
1915 4.71929
1916 4.63539
1917 4.52889
1918 4.60576
1919 4.6346
1920 4.7656
1921 4.61542
1922 4.6476
1923 4.66751
1924 4.57124
1925 4.64336
1926 4.70819
1927 4.60072
1928 4.58566
1929 4.57677
1930 4.56364
1931 4.54626
1932 4.53267
1933 4.62478
1934 4.53455
1935 4.58727
1936 4.56112
1937 4.66574
1938 4.65285
1939 4.63242
1940 4.59988
1941 4.52607
1942 4.67097
1943 4.65192
1944 4.51383
1945 4.64229
1946 4.72356
1947 4.64731
1948 4.71834
1949 4.5987
1950 4.7104
1951 4.76549
1952 4.66214
1953 4.73568
1954 4.63673
1955 4.71566
1956 4.6488
1957 4.71794
1958 4.72207
1959 4.77861
1960 4.79106
1961 4.75012
1962 4.8563
1963 4.71863
1964 4.82135
1965 4.76485
1966 4.84823
1967 4.76815
1968 4.78657
1969 4.76885
1970 4.90417
1971 4.66013
1972 4.71931
1973 4.66536
1974 4.65994
1975 4.68742
1976 4.7109
1977 4.79179
1978 4.75576
1979 4.63469
1980 4.68197
1981 4.62759
1982 4.78673
1983 4.79859
1984 4.69302
1985 4.67866
1986 4.68757
1987 4.65708
1988 4.82358
1989 4.80041
1990 4.75124
1991 4.69192
1992 4.7446
1993 4.71628
1994 4.70339
1995 4.82935
1996 4.7785
1997 4.70843
1998 4.76166
1999 4.69251
2000 4.6552
2001 4.67332
2002 4.6217
2003 4.66953
2004 4.63545
2005 4.62637
2006 4.77414
2007 4.71414
2008 4.72655
2009 4.66478
2010 4.61353
2011 4.6747
2012 4.59908
2013 4.60949
2014 4.63482
2015 4.54406
2016 4.57667
2017 4.55727
2018 4.62893
2019 4.66604
2020 4.65149
2021 4.6193
2022 4.55108
2023 4.65425
2024 4.55474
2025 4.54433
2026 4.53429
2027 4.57856
2028 4.55764
2029 4.58064
2030 4.59995
2031 4.47147
2032 4.60497
2033 4.64724
2034 4.61506
2035 4.50268
2036 4.47691
2037 4.51251
2038 4.54005
2039 4.50874
2040 4.7062
2041 4.55932
2042 4.60066
2043 4.57162
2044 4.54691
2045 4.53615
2046 4.44642
2047 4.49248
2048 4.49158
2049 4.56533
2050 4.60479
2051 4.554
2052 4.54062
2053 4.58447
2054 4.47485
2055 4.46847
2056 4.50625
2057 4.52283
2058 4.4842
2059 4.46265
2060 4.48486
2061 4.52658
2062 4.41272
2063 4.42936
2064 4.41593
2065 4.36307
2066 4.41129
2067 4.47014
2068 4.39127
2069 4.50891
2070 4.34206
2071 4.57427
2072 4.47426
2073 4.51976
2074 4.38765
2075 4.46008
2076 4.3899
2077 4.55562
2078 4.4243
2079 4.55097
2080 4.38507
2081 4.39251
2082 4.39535
2083 4.39289
2084 4.42555
2085 4.30797
2086 4.38002
2087 4.41414
2088 4.41094
2089 4.45539
2090 4.45219
2091 4.37752
2092 4.35189
2093 4.37442
2094 4.2824
2095 4.39101
2096 4.29309
2097 4.25311
2098 4.36366
2099 4.2886
2100 4.225
2101 4.3
2102 4.25697
2103 4.29689
2104 4.17862
2105 4.22407
2106 4.19705
2107 4.25593
2108 4.23672
2109 4.16278
2110 4.17782
2111 4.20203
2112 4.1142
2113 4.09532
2114 4.13534
2115 4.1245
2116 4.12852
2117 4.07543
2118 4.19974
2119 4.19289
2120 4.11068
2121 4.11993
2122 4.01779
2123 4.07306
2124 4.15181
2125 3.99903
2126 4.21411
2127 4.1982
2128 4.15046
2129 4.05803
2130 4.07586
2131 4.17732
2132 4.06265
2133 4.091
2134 4.06913
2135 4.08903
2136 4.24126
2137 4.14894
2138 4.12675
2139 3.98885
2140 4.15939
2141 4.27675
2142 4.16526
2143 4.15954
2144 4.19525
2145 4.17803
2146 4.18944
2147 4.20193
2148 4.17904
2149 4.13405
2150 4.19094
2151 4.15559
2152 4.21383
2153 4.29646
2154 4.23351
2155 4.3242
2156 4.21377
2157 4.31802
2158 4.25381
2159 4.21387
2160 4.37787
2161 4.34397
2162 4.26047
2163 4.37109
2164 4.38522
2165 4.33294
2166 4.42674
2167 4.35099
2168 4.39021
2169 4.45255
2170 4.41087
2171 4.39506
2172 4.4906
2173 4.4708
2174 4.45967
2175 4.50748
2176 4.47214
2177 4.53919
2178 4.56445
2179 4.45883
2180 4.48357
2181 4.49797
2182 4.46631
2183 4.60361
2184 4.50238
2185 4.60191
2186 4.59342
2187 4.7041
2188 4.58285
2189 4.73111
2190 4.69702
2191 4.60499
2192 4.7322
2193 4.87286
2194 4.82573
2195 4.69281
2196 4.91911
2197 4.87026
2198 4.89104
2199 4.84456
2200 4.90176
2201 4.88177
2202 4.85501
2203 4.85434
2204 4.97757
2205 5.0238
2206 4.86157
2207 4.8542
2208 4.89055
2209 5.0038
2210 5.05758
2211 4.93756
2212 5.03738
2213 5.05925
2214 5.05868
2215 5.05146
2216 4.97902
2217 5.04139
2218 4.96288
2219 5.09495
2220 5.05673
2221 5.03505
2222 5.0354
2223 5.02151
2224 5.0271
2225 5.08586
2226 5.14145
2227 5.07536
2228 5.04348
2229 5.0988
2230 5.01385
2231 5.10459
2232 5.06978
2233 5.04067
2234 5.06987
2235 5.14252
2236 5.21742
2237 5.21114
2238 5.19791
2239 5.13518
2240 5.23334
2241 5.22743
2242 5.09312
2243 5.21577
2244 5.24893
2245 5.24942
2246 5.13141
2247 5.2633
2248 5.32997
2249 5.34544
2250 5.33735
2251 5.27079
2252 5.2251
2253 5.36428
2254 5.32432
2255 5.23307
2256 5.40855
2257 5.40131
2258 5.46682
2259 5.28003
2260 5.42845
2261 5.40714
2262 5.3501
2263 5.37324
2264 5.43607
2265 5.42573
2266 5.45992
2267 5.41782
2268 5.36163
2269 5.38605
2270 5.45755
2271 5.35657
2272 5.41308
2273 5.4248
2274 5.38863
2275 5.4472
2276 5.30372
2277 5.50628
2278 5.32104
2279 5.46672
2280 5.46617
2281 5.51566
2282 5.52552
2283 5.53035
2284 5.42821
2285 5.42968
2286 5.43137
2287 5.42062
2288 5.4601
2289 5.50173
2290 5.46211
2291 5.37576
2292 5.50133
2293 5.57138
2294 5.50951
2295 5.6247
2296 5.46835
2297 5.51816
2298 5.50878
2299 5.61982
2300 5.62918
2301 5.62533
2302 5.57102
2303 5.51947
2304 5.72273
2305 5.62982
2306 5.58944
2307 5.65873
2308 5.58176
2309 5.57305
2310 5.64761
2311 5.65524
2312 5.67826
2313 5.63845
2314 5.65128
2315 5.61573
2316 5.65625
2317 5.59367
2318 5.58448
2319 5.61724
2320 5.72352
2321 5.52583
2322 5.57341
2323 5.66191
2324 5.6982
2325 5.72297
2326 5.70685
2327 5.64859
2328 5.60248
2329 5.65008
2330 5.56688
2331 5.69161
2332 5.65483
2333 5.7075
2334 5.68205
2335 5.77
2336 5.79253
2337 5.6441
2338 5.71378
2339 5.70188
2340 5.79127
2341 5.71011
2342 5.70374
2343 5.81077
2344 5.81112
2345 5.75531
2346 5.84061
2347 5.78268
2348 5.87204
2349 5.88992
2350 5.82873
2351 5.92191
2352 5.76887
2353 5.8898
2354 5.86952
2355 5.8633
2356 5.91605
2357 5.8924
2358 5.97674
2359 6.01636
2360 5.81544
2361 5.8935
2362 5.85272
2363 5.98843
2364 5.91158
2365 5.82719
2366 5.98507
2367 5.92418
2368 5.94378
2369 5.92382
2370 5.80317
2371 5.90361
2372 5.98087
2373 5.89482
2374 5.99348
2375 5.93915
2376 5.93276
2377 6.01463
2378 6.02572
2379 6.03274
2380 5.8716
2381 6.02194
2382 6.04741
2383 6.02699
2384 6.01776
2385 6.07261
2386 6.03159
2387 6.08821
2388 5.98978
2389 6.09431
2390 6.29958
2391 6.09342
2392 6.06974
2393 6.20181
2394 5.99122
2395 6.13982
2396 6.02935
2397 6.01134
2398 6.09589
2399 6.13522
2400 6.10201
2401 6.08111
2402 6.01603
2403 6.16397
2404 6.09859
2405 6.08653
2406 6.0539
2407 6.09467
2408 5.90617
2409 5.93192
2410 5.90522
2411 5.89138
2412 5.85719
2413 5.87096
2414 5.80203
2415 5.84834
2416 5.80766
2417 5.75279
2418 5.80871
2419 5.77818
2420 5.6452
2421 5.70463
2422 5.5359
2423 5.42771
2424 5.53418
2425 5.31591
2426 5.30463
2427 5.30444
2428 5.09795
2429 5.15386
2430 5.1792
2431 5.06564
2432 5.04647
2433 5.0074
2434 4.9286
2435 4.85497
2436 4.91644
2437 4.89037
2438 4.94433
2439 4.90876
2440 4.8423
2441 4.82435
2442 4.79979
2443 4.84312
2444 4.8096
2445 4.74627
2446 4.69602
2447 4.72652
2448 4.80955
2449 4.72497
2450 4.69876
2451 4.7125
2452 4.72958
2453 4.79023
2454 4.7045
2455 4.70977
2456 4.7221
2457 4.81116
2458 4.68764
2459 4.68279
2460 4.77751
2461 4.61549
2462 4.71091
2463 4.77551
2464 4.65167
2465 4.7758
2466 4.73792
2467 4.7535
2468 4.72259
2469 4.74645
2470 4.69016
2471 4.72116
2472 4.74233
2473 4.73342
2474 4.65515
2475 4.80275
2476 4.74897
2477 4.84955
2478 4.77336
2479 4.80479
2480 4.79469
2481 4.86704
2482 4.75026
2483 4.83705
2484 4.90717
2485 4.90456
2486 4.90987
2487 4.93251
2488 4.95163
2489 5.03444
2490 4.91067
2491 5.05592
2492 5.02149
2493 5.08679
2494 5.14168
2495 5.18559
2496 5.14684
4.82119
current time is  Fri Mar  4 22:59:58 2016

